"","colour","linetype","x","y","ymin","ymax","se","flipped_aes","PANEL","group","fill","linewidth","weight","alpha"
"1","#000000","dotted",10,0.0273174843033601,0.0160205600025865,0.0386144086041338,0.00344113671466975,FALSE,"1",1,"grey60",1.5,1,0
"2","#000000","dotted",12.4050632911392,0.0461728922768339,0.0362610594908853,0.0560847250627824,0.00301922636651279,FALSE,"1",1,"grey60",1.5,1,0
"3","#000000","dotted",14.8101265822785,0.0644381960843372,0.0555836526124748,0.0732927395561997,0.00269716728389325,FALSE,"1",1,"grey60",1.5,1,0
"4","#000000","dotted",17.2151898734177,0.0821131298672971,0.0739706162122334,0.0902556435223609,0.00248027710393889,FALSE,"1",1,"grey60",1.5,1,0
"5","#000000","dotted",19.620253164557,0.0991974277671404,0.0914321101597197,0.106962745374561,0.00236538006350426,FALSE,"1",1,"grey60",1.5,1,0
"6","#000000","dotted",22.0253164556962,0.115681404199922,0.108009885151864,0.12335292324798,0.00233680824538704,FALSE,"1",1,"grey60",1.5,1,0
"7","#000000","dotted",24.4303797468354,0.131553658520905,0.123775111762478,0.139332205279332,0.00236940977247803,FALSE,"1",1,"grey60",1.5,1,0
"8","#000000","dotted",26.8354430379747,0.14682359672277,0.138811736083047,0.154835457362493,0.00244047911326459,FALSE,"1",1,"grey60",1.5,1,0
"9","#000000","dotted",29.2405063291139,0.161500997697607,0.153189619403315,0.169812375991898,0.00253171467175689,FALSE,"1",1,"grey60",1.5,1,0
"10","#000000","dotted",31.6455696202532,0.175595640337506,0.166963004084399,0.184228276590613,0.00262957250699833,FALSE,"1",1,"grey60",1.5,1,0
"11","#000000","dotted",34.0506329113924,0.189117303534559,0.180173424185973,0.198061182883145,0.00272437973191417,FALSE,"1",1,"grey60",1.5,1,0
"12","#000000","dotted",36.4556962025316,0.202075766180856,0.192853352600759,0.211298179760953,0.00280922356593698,FALSE,"1",1,"grey60",1.5,1,0
"13","#000000","dotted",38.8607594936709,0.214480807168487,0.205029000926756,0.223932613410218,0.00287909847073485,FALSE,"1",1,"grey60",1.5,1,0
"14","#000000","dotted",41.2658227848101,0.226306672528791,0.216710387949214,0.235902957108367,0.00292310776915967,FALSE,"1",1,"grey60",1.5,1,0
"15","#000000","dotted",43.6708860759494,0.237392398305835,0.227839673579428,0.246945123032242,0.00290983907707705,FALSE,"1",1,"grey60",1.5,1,0
"16","#000000","dotted",46.0759493670886,0.247772259421643,0.238379427553611,0.257165091289675,0.00286113438802016,FALSE,"1",1,"grey60",1.5,1,0
"17","#000000","dotted",48.4810126582278,0.257511382194545,0.248295211207639,0.26672755318145,0.00280732202034354,FALSE,"1",1,"grey60",1.5,1,0
"18","#000000","dotted",50.8860759493671,0.266674892942869,0.257571754591265,0.275778031294473,0.00277289134337899,FALSE,"1",1,"grey60",1.5,1,0
"19","#000000","dotted",53.2911392405063,0.275327917984947,0.266235740046157,0.284420095923737,0.00276955271085049,FALSE,"1",1,"grey60",1.5,1,0
"20","#000000","dotted",55.6962025316456,0.283535583639108,0.274367941880929,0.292703225397287,0.00279253961530482,FALSE,"1",1,"grey60",1.5,1,0
"21","#000000","dotted",58.1012658227848,0.291363016223682,0.282096839464803,0.300629192982561,0.00282255419268538,FALSE,"1",1,"grey60",1.5,1,0
"22","#000000","dotted",60.506329113924,0.298860620914437,0.289562956190593,0.308158285638281,0.00283214568762919,FALSE,"1",1,"grey60",1.5,1,0
"23","#000000","dotted",62.9113924050633,0.305668367654609,0.296487874706947,0.314848860602271,0.00279645419406797,FALSE,"1",1,"grey60",1.5,1,0
"24","#000000","dotted",65.3164556962025,0.311708203114803,0.302740324975156,0.320676081254449,0.00273168996245369,FALSE,"1",1,"grey60",1.5,1,0
"25","#000000","dotted",67.7215189873418,0.317116489926977,0.308368980654308,0.325863999199646,0.00266456378025235,FALSE,"1",1,"grey60",1.5,1,0
"26","#000000","dotted",70.126582278481,0.322029590723093,0.313437369239917,0.330621812206268,0.00261726183332089,FALSE,"1",1,"grey60",1.5,1,0
"27","#000000","dotted",72.5316455696203,0.326583868135109,0.318041869237251,0.335125867032968,0.00260196361783868,FALSE,"1",1,"grey60",1.5,1,0
"28","#000000","dotted",74.9367088607595,0.330915684794987,0.322323294799778,0.339508074790196,0.00261731316348196,FALSE,"1",1,"grey60",1.5,1,0
"29","#000000","dotted",77.3417721518987,0.335161403334686,0.326464459331399,0.343858347337972,0.00264916118036535,FALSE,"1",1,"grey60",1.5,1,0
"30","#000000","dotted",79.746835443038,0.339457386386165,0.330674114590883,0.348240658181446,0.00267545734086187,FALSE,"1",1,"grey60",1.5,1,0
"31","#000000","dotted",82.1518987341772,0.343610290823346,0.334802315107697,0.352418266538996,0.00268298235962905,FALSE,"1",1,"grey60",1.5,1,0
"32","#000000","dotted",84.5569620253165,0.347243984911619,0.338405447206413,0.356082522616825,0.00269229179479356,FALSE,"1",1,"grey60",1.5,1,0
"33","#000000","dotted",86.9620253164557,0.350451783019955,0.341505053109834,0.359398512930076,0.0027252480365689,FALSE,"1",1,"grey60",1.5,1,0
"34","#000000","dotted",89.3670886075949,0.353331491716485,0.344160966776561,0.362502016656409,0.00279341785634574,FALSE,"1",1,"grey60",1.5,1,0
"35","#000000","dotted",91.7721518987342,0.355980917569343,0.346484261196246,0.365477573942439,0.0028927601922433,FALSE,"1",1,"grey60",1.5,1,0
"36","#000000","dotted",94.1772151898734,0.35849786714666,0.34863452235077,0.36836121194255,0.00300445652311384,FALSE,"1",1,"grey60",1.5,1,0
"37","#000000","dotted",96.5822784810127,0.36098014701657,0.350802074456393,0.371158219576747,0.00310032520701223,FALSE,"1",1,"grey60",1.5,1,0
"38","#000000","dotted",98.9873417721519,0.363525563747204,0.35318635444914,0.373864773045268,0.00314940879207148,FALSE,"1",1,"grey60",1.5,1,0
"39","#000000","dotted",101.392405063291,0.36616318937711,0.355882664280797,0.376443714473423,0.00313153309813575,FALSE,"1",1,"grey60",1.5,1,0
"40","#000000","dotted",103.79746835443,0.368649978586541,0.358554718824464,0.378745238348618,0.0030750997427708,FALSE,"1",1,"grey60",1.5,1,0
"41","#000000","dotted",106.20253164557,0.37096375346362,0.361101053651292,0.380826453275948,0.00300426005577847,FALSE,"1",1,"grey60",1.5,1,0
"42","#000000","dotted",108.607594936709,0.373116145281017,0.363461657886232,0.382770632675803,0.00294083682876729,FALSE,"1",1,"grey60",1.5,1,0
"43","#000000","dotted",111.012658227848,0.375118785311403,0.365585538395099,0.384652032227706,0.00290390597478458,FALSE,"1",1,"grey60",1.5,1,0
"44","#000000","dotted",113.417721518987,0.376983304827446,0.367443273650447,0.386523336004445,0.00290597251678643,FALSE,"1",1,"grey60",1.5,1,0
"45","#000000","dotted",115.822784810127,0.378721335101817,0.369037161354249,0.388405508849385,0.00294987953771759,FALSE,"1",1,"grey60",1.5,1,0
"46","#000000","dotted",118.227848101266,0.380344507407186,0.370403480747891,0.390285534066481,0.00302811906214751,FALSE,"1",1,"grey60",1.5,1,0
"47","#000000","dotted",120.632911392405,0.381864453016223,0.371605536584323,0.392123369448123,0.00312495091997047,FALSE,"1",1,"grey60",1.5,1,0
"48","#000000","dotted",123.037974683544,0.383292803201598,0.372721760425639,0.393863845977557,0.00322002718971981,FALSE,"1",1,"grey60",1.5,1,0
"49","#000000","dotted",125.443037974684,0.384641189235981,0.373834283527887,0.395448094944074,0.00329187299250548,FALSE,"1",1,"grey60",1.5,1,0
"50","#000000","dotted",127.848101265823,0.385921242392041,0.375020272823119,0.396822211960963,0.00332052562364678,FALSE,"1",1,"grey60",1.5,1,0
"51","#000000","dotted",130.253164556962,0.387144206737707,0.376343571313831,0.397944842161584,0.00328996301199592,FALSE,"1",1,"grey60",1.5,1,0
"52","#000000","dotted",132.658227848101,0.388280302604997,0.377698989459989,0.398861615750006,0.00322315562920191,FALSE,"1",1,"grey60",1.5,1,0
"53","#000000","dotted",135.063291139241,0.389313682715657,0.378981467615009,0.399645897816306,0.00314727830160562,FALSE,"1",1,"grey60",1.5,1,0
"54","#000000","dotted",137.46835443038,0.390256551855373,0.380174666772715,0.400338436938032,0.00307102570463722,FALSE,"1",1,"grey60",1.5,1,0
"55","#000000","dotted",139.873417721519,0.391121114809832,0.381265968518416,0.400976261101249,0.00300195919074298,FALSE,"1",1,"grey60",1.5,1,0
"56","#000000","dotted",142.278481012658,0.39191957636472,0.382248937597056,0.401590215132385,0.0029457566707285,FALSE,"1",1,"grey60",1.5,1,0
"57","#000000","dotted",144.683544303797,0.392664141305724,0.383125552849071,0.402202729762376,0.00290553305221892,FALSE,"1",1,"grey60",1.5,1,0
"58","#000000","dotted",147.088607594937,0.393367014418529,0.383907555459738,0.40282647337732,0.00288142955173896,FALSE,"1",1,"grey60",1.5,1,0
"59","#000000","dotted",149.493670886076,0.394040400488822,0.384616355072067,0.403464445905576,0.00287064229350351,FALSE,"1",1,"grey60",1.5,1,0
"60","#000000","dotted",151.898734177215,0.394696504302289,0.385281344849723,0.404111663754856,0.00286793555520936,FALSE,"1",1,"grey60",1.5,1,0
"61","#000000","dotted",154.303797468354,0.395347530644617,0.385936951627255,0.40475810966198,0.00286654031670618,FALSE,"1",1,"grey60",1.5,1,0
"62","#000000","dotted",156.708860759494,0.396005684301493,0.386618949729371,0.405392418873615,0.00285927710118203,FALSE,"1",1,"grey60",1.5,1,0
"63","#000000","dotted",159.113924050633,0.396683170058602,0.38736036987152,0.406005970245683,0.00283980215792899,FALSE,"1",1,"grey60",1.5,1,0
"64","#000000","dotted",161.518987341772,0.397373469953943,0.388158264261049,0.406588675646837,0.002807027983792,FALSE,"1",1,"grey60",1.5,1,0
"65","#000000","dotted",163.924050632911,0.398015134218873,0.38891588949659,0.407114378941155,0.00277170531163658,FALSE,"1",1,"grey60",1.5,1,0
"66","#000000","dotted",166.329113924051,0.398603258688846,0.389619116325209,0.407587401052483,0.00273664417979802,FALSE,"1",1,"grey60",1.5,1,0
"67","#000000","dotted",168.73417721519,0.39913906159261,0.390261952648247,0.408016170536973,0.00270404091372717,FALSE,"1",1,"grey60",1.5,1,0
"68","#000000","dotted",171.139240506329,0.399623761158913,0.390837140938816,0.408410381379009,0.00267647729879564,FALSE,"1",1,"grey60",1.5,1,0
"69","#000000","dotted",173.544303797468,0.400058575616501,0.39133615595289,0.408780995280111,0.00265692127751551,FALSE,"1",1,"grey60",1.5,1,0
"70","#000000","dotted",175.949367088608,0.400444723194121,0.391749327379738,0.409140119008505,0.00264868958920186,FALSE,"1",1,"grey60",1.5,1,0
"71","#000000","dotted",178.354430379747,0.400783422120522,0.392066134958376,0.409500709282668,0.00265535787505674,FALSE,"1",1,"grey60",1.5,1,0
"72","#000000","dotted",180.759493670886,0.401075890624449,0.39227570183436,0.409876079414538,0.00268061039760409,FALSE,"1",1,"grey60",1.5,1,0
"73","#000000","dotted",183.164556962025,0.401323346934651,0.392367463730088,0.410279230139215,0.00272803620587303,FALSE,"1",1,"grey60",1.5,1,0
"74","#000000","dotted",185.569620253165,0.401527009279875,0.392331924820519,0.41072209373923,0.0028008988893916,FALSE,"1",1,"grey60",1.5,1,0
"75","#000000","dotted",187.974683544304,0.401688095888867,0.392161353751091,0.411214838026643,0.00290192456536581,FALSE,"1",1,"grey60",1.5,1,0
"76","#000000","dotted",190.379746835443,0.401807824990376,0.391850261936614,0.411765388044137,0.00303315618487322,FALSE,"1",1,"grey60",1.5,1,0
"77","#000000","dotted",192.784810126582,0.401887414813147,0.391395559928112,0.412379269698182,0.0031959059022293,FALSE,"1",1,"grey60",1.5,1,0
"78","#000000","dotted",195.189873417722,0.401928083585929,0.390796385380292,0.413059781791567,0.00339080747752019,FALSE,"1",1,"grey60",1.5,1,0
"79","#000000","dotted",197.594936708861,0.401931049537469,0.390053688219828,0.413808410855111,0.00361794263777937,FALSE,"1",1,"grey60",1.5,1,0
"80","#000000","dotted",200,0.401897530896514,0.389169703104284,0.414625358688744,0.0038770017703702,FALSE,"1",1,"grey60",1.5,1,0
"81","#666666","dotted",10,0.00412279195059728,0.00203863552947522,0.00620694837171935,0.00063485130898387,FALSE,"1",2,"grey60",1.5,1,0
"82","#666666","dotted",12.4050632911392,0.00389772266406815,0.00206910016506565,0.00572634516307066,0.000557013559713571,FALSE,"1",2,"grey60",1.5,1,0
"83","#666666","dotted",14.8101265822785,0.00369412239481903,0.00206055797129512,0.00532768681834294,0.000497597254252779,FALSE,"1",2,"grey60",1.5,1,0
"84","#666666","dotted",17.2151898734177,0.00351249168580076,0.00201028881478453,0.00501469455681699,0.000457583437288525,FALSE,"1",2,"grey60",1.5,1,0
"85","#666666","dotted",19.620253164557,0.00335333107996418,0.00192071666893818,0.00478594549099017,0.000436386215972866,FALSE,"1",2,"grey60",1.5,1,0
"86","#666666","dotted",22.0253164556962,0.00321837873530461,0.0018030691113678,0.00463368835924142,0.000431115034489596,FALSE,"1",2,"grey60",1.5,1,0
"87","#666666","dotted",24.4303797468354,0.00310912642487176,0.00167407138316779,0.00454418146657573,0.000437129652293171,FALSE,"1",2,"grey60",1.5,1,0
"88","#666666","dotted",26.8354430379747,0.00302397334035413,0.00154587449213304,0.00450207218857522,0.000450241152291012,FALSE,"1",2,"grey60",1.5,1,0
"89","#666666","dotted",29.2405063291139,0.00296126621418514,0.00142790970233919,0.00449462272603109,0.000467073094331499,FALSE,"1",2,"grey60",1.5,1,0
"90","#666666","dotted",31.6455696202532,0.00291935177879821,0.00132672675989001,0.00451197679770641,0.000485126772504911,FALSE,"1",2,"grey60",1.5,1,0
"91","#666666","dotted",34.0506329113924,0.00289657676662674,0.0012465308711417,0.00454662266211179,0.000502617647128508,FALSE,"1",2,"grey60",1.5,1,0
"92","#666666","dotted",36.4556962025316,0.00289128791010417,0.00118985555830153,0.00459272026190681,0.000518270387357912,FALSE,"1",2,"grey60",1.5,1,0
"93","#666666","dotted",38.8607594936709,0.0029018319416639,0.00115807920459759,0.00464558467873021,0.000531161527249839,FALSE,"1",2,"grey60",1.5,1,0
"94","#666666","dotted",41.2658227848101,0.00293224891117068,0.00116184153364497,0.0047026562886964,0.000539280751514703,FALSE,"1",2,"grey60",1.5,1,0
"95","#666666","dotted",43.6708860759494,0.00300842518434115,0.00124605411344808,0.00477079625523423,0.000536832825949511,FALSE,"1",2,"grey60",1.5,1,0
"96","#666666","dotted",46.0759493670886,0.00312523390684891,0.00139236128337408,0.00485810653032374,0.000527847354529673,FALSE,"1",2,"grey60",1.5,1,0
"97","#666666","dotted",48.4810126582278,0.00327262253696798,0.00157234187392032,0.00497290320001565,0.000517919573423686,FALSE,"1",2,"grey60",1.5,1,0
"98","#666666","dotted",50.8860759493671,0.0034405385329724,0.00176111112930654,0.00511996593663826,0.000511567497888016,FALSE,"1",2,"grey60",1.5,1,0
"99","#666666","dotted",53.2911392405063,0.00361892935313618,0.00194152402327877,0.00529633468299359,0.000510951557457082,FALSE,"1",2,"grey60",1.5,1,0
"100","#666666","dotted",55.6962025316456,0.00379774245573336,0.00210641489363334,0.00548907001783338,0.000515192384716315,FALSE,"1",2,"grey60",1.5,1,0
"101","#666666","dotted",58.1012658227848,0.00396692529903796,0.00225741912929696,0.00567643146877896,0.000520729739177536,FALSE,"1",2,"grey60",1.5,1,0
"102","#666666","dotted",60.506329113924,0.00411770704158712,0.00240239169382361,0.00583302238935064,0.000522499262920732,FALSE,"1",2,"grey60",1.5,1,0
"103","#666666","dotted",62.9113924050633,0.00427882836634116,0.00258512990324483,0.00597252682943748,0.00051591458079801,FALSE,"1",2,"grey60",1.5,1,0
"104","#666666","dotted",65.3164556962025,0.00445922237409845,0.00280474896957144,0.00611369577862546,0.000503966303055838,FALSE,"1",2,"grey60",1.5,1,0
"105","#666666","dotted",67.7215189873418,0.00464990973939064,0.0030360919307497,0.00626372754803157,0.000491582271797811,FALSE,"1",2,"grey60",1.5,1,0
"106","#666666","dotted",70.126582278481,0.00484191113674937,0.00325674219172623,0.0064270800817725,0.000482855590640708,FALSE,"1",2,"grey60",1.5,1,0
"107","#666666","dotted",72.5316455696203,0.00502624724070627,0.00345034380201801,0.00660215067939453,0.000480033240664728,FALSE,"1",2,"grey60",1.5,1,0
"108","#666666","dotted",74.9367088607595,0.00519393872579298,0.00360873869218091,0.00677913875940505,0.000482865060482407,FALSE,"1",2,"grey60",1.5,1,0
"109","#666666","dotted",77.3417721518987,0.00533600626654114,0.00373151718561963,0.00694049534746265,0.000488740664064433,FALSE,"1",2,"grey60",1.5,1,0
"110","#666666","dotted",79.746835443038,0.00544347053748238,0.00382305494265166,0.0070638861323131,0.000493592012120817,FALSE,"1",2,"grey60",1.5,1,0
"111","#666666","dotted",82.1518987341772,0.00551850635497719,0.00389353316261894,0.00714347954733544,0.000494980294078377,FALSE,"1",2,"grey60",1.5,1,0
"112","#666666","dotted",84.5569620253165,0.0055752312017128,0.00394461966345785,0.00720584273996775,0.000496697780941045,FALSE,"1",2,"grey60",1.5,1,0
"113","#666666","dotted",86.9620253164557,0.00561572901931744,0.00396515722705127,0.0072663008115836,0.000502777839644052,FALSE,"1",2,"grey60",1.5,1,0
"114","#666666","dotted",89.3670886075949,0.00564194954978353,0.00395009007283778,0.00733380902672929,0.000515354410384188,FALSE,"1",2,"grey60",1.5,1,0
"115","#666666","dotted",91.7721518987342,0.00565584253510353,0.00390381544948139,0.00740786962072566,0.00053368196235654,FALSE,"1",2,"grey60",1.5,1,0
"116","#666666","dotted",94.1772151898734,0.00565935771726985,0.00383968071114116,0.00747903472339853,0.000554288688488507,FALSE,"1",2,"grey60",1.5,1,0
"117","#666666","dotted",96.5822784810127,0.00565444483827492,0.00377670407307512,0.00753218560347472,0.000571975390444868,FALSE,"1",2,"grey60",1.5,1,0
"118","#666666","dotted",98.9873417721519,0.00564305364011118,0.00373558494560918,0.00755052233461319,0.000581030763947363,FALSE,"1",2,"grey60",1.5,1,0
"119","#666666","dotted",101.392405063291,0.00562482435793798,0.00372818224354229,0.00752146647233368,0.000577732897970197,FALSE,"1",2,"grey60",1.5,1,0
"120","#666666","dotted",103.79746835443,0.00559155623343223,0.00372909350500743,0.00745401896185703,0.000567321573894911,FALSE,"1",2,"grey60",1.5,1,0
"121","#666666","dotted",106.20253164557,0.0055442089729681,0.00372465095910635,0.00736376698682985,0.000554252442458381,FALSE,"1",2,"grey60",1.5,1,0
"122","#666666","dotted",108.607594936709,0.00548497088943934,0.00370382574225044,0.00726611603662825,0.000542551565095276,FALSE,"1",2,"grey60",1.5,1,0
"123","#666666","dotted",111.012658227848,0.0054160302957397,0.00365725266337155,0.00717480792810785,0.000535738234810295,FALSE,"1",2,"grey60",1.5,1,0
"124","#666666","dotted",113.417721518987,0.00533957550476293,0.00357954625203214,0.00709960475749372,0.00053611948873995,FALSE,"1",2,"grey60",1.5,1,0
"125","#666666","dotted",115.822784810127,0.00525779482940277,0.00347117288152683,0.00704441677727871,0.000544219843948999,FALSE,"1",2,"grey60",1.5,1,0
"126","#666666","dotted",118.227848101266,0.00517287658255297,0.00333886813982171,0.00700688502528423,0.000558654162785233,FALSE,"1",2,"grey60",1.5,1,0
"127","#666666","dotted",120.632911392405,0.00508700907710728,0.00319435352006912,0.00697966463414545,0.000576518559578357,FALSE,"1",2,"grey60",1.5,1,0
"128","#666666","dotted",123.037974683544,0.00500238062595946,0.00305214124284148,0.00695262000907744,0.000594059069970274,FALSE,"1",2,"grey60",1.5,1,0
"129","#666666","dotted",125.443037974684,0.00492117954200324,0.00292742608094465,0.00691493300306182,0.000607313818538976,FALSE,"1",2,"grey60",1.5,1,0
"130","#666666","dotted",127.848101265823,0.00484559413813237,0.00283448694482577,0.00685670133143897,0.000612599909123038,FALSE,"1",2,"grey60",1.5,1,0
"131","#666666","dotted",130.253164556962,0.0047777337340589,0.0027851370704406,0.0067703303976772,0.000606961448456888,FALSE,"1",2,"grey60",1.5,1,0
"132","#666666","dotted",132.658227848101,0.00471123948431312,0.00275910533275804,0.0066633736358682,0.00059463623213062,FALSE,"1",2,"grey60",1.5,1,0
"133","#666666","dotted",135.063291139241,0.00464227263244437,0.00273609428928633,0.00654845097560241,0.000580637712239985,FALSE,"1",2,"grey60",1.5,1,0
"134","#666666","dotted",137.46835443038,0.00457265243821973,0.00271265718884039,0.00643264768759907,0.000566569959339486,FALSE,"1",2,"grey60",1.5,1,0
"135","#666666","dotted",139.873417721519,0.0045041981614063,0.00268603368782949,0.00632236263498311,0.000553827958544868,FALSE,"1",2,"grey60",1.5,1,0
"136","#666666","dotted",142.278481012658,0.00443872906177116,0.00265460416659066,0.00622285395695166,0.00054345922101483,FALSE,"1",2,"grey60",1.5,1,0
"137","#666666","dotted",144.683544303797,0.00437806439908141,0.00261830131214878,0.00613782748601403,0.000536038412433174,FALSE,"1",2,"grey60",1.5,1,0
"138","#666666","dotted",147.088607594937,0.00432402343310412,0.00257885885517077,0.00606918801103748,0.000531591585672248,FALSE,"1",2,"grey60",1.5,1,0
"139","#666666","dotted",149.493670886076,0.00427842542360641,0.00253979424884238,0.00601705659837044,0.00052960145695056,FALSE,"1",2,"grey60",1.5,1,0
"140","#666666","dotted",151.898734177215,0.00424308963035534,0.00250609781678612,0.00598008144392457,0.00052910209395176,FALSE,"1",2,"grey60",1.5,1,0
"141","#666666","dotted",154.303797468354,0.00421983531311802,0.00248368853871071,0.00595598208752533,0.000528844688023565,FALSE,"1",2,"grey60",1.5,1,0
"142","#666666","dotted",156.708860759494,0.00421048173166153,0.00247873399121533,0.00594222947210773,0.000527504705841722,FALSE,"1",2,"grey60",1.5,1,0
"143","#666666","dotted",159.113924050633,0.00421684814575297,0.00249689558561994,0.00593680070588599,0.000523911796218611,FALSE,"1",2,"grey60",1.5,1,0
"144","#666666","dotted",161.518987341772,0.00423806491975335,0.00253796234267487,0.00593816749683183,0.000517865326962381,FALSE,"1",2,"grey60",1.5,1,0
"145","#666666","dotted",163.924050632911,0.00426532995607729,0.00258662088355505,0.00594403902859953,0.000511348688271718,FALSE,"1",2,"grey60",1.5,1,0
"146","#666666","dotted",166.329113924051,0.00429790989425415,0.00264043592196539,0.0059553838665429,0.00050488030084983,FALSE,"1",2,"grey60",1.5,1,0
"147","#666666","dotted",168.73417721519,0.0043359484402091,0.00269822093891681,0.00597367594150139,0.000498865362223884,FALSE,"1",2,"grey60",1.5,1,0
"148","#666666","dotted",171.139240506329,0.0043795892998673,0.00275855595803807,0.00600062264169654,0.000493780182973375,FALSE,"1",2,"grey60",1.5,1,0
"149","#666666","dotted",173.544303797468,0.00442897617915394,0.00281978712329825,0.00603816523500963,0.000490172315359373,FALSE,"1",2,"grey60",1.5,1,0
"150","#666666","dotted",175.949367088608,0.00448425278399418,0.00288004932664215,0.0060884562413462,0.000488653660759342,FALSE,"1",2,"grey60",1.5,1,0
"151","#666666","dotted",178.354430379747,0.00454556282031318,0.00293732065368143,0.00615380498694493,0.000489883885058657,FALSE,"1",2,"grey60",1.5,1,0
"152","#666666","dotted",180.759493670886,0.00461304999403613,0.002989513402515,0.00623658658555725,0.000494542693563993,FALSE,"1",2,"grey60",1.5,1,0
"153","#666666","dotted",183.164556962025,0.00468685801108818,0.00303459753817948,0.00633911848399688,0.000503292225755144,FALSE,"1",2,"grey60",1.5,1,0
"154","#666666","dotted",185.569620253165,0.00476713057739452,0.00307074014328199,0.00646352101150704,0.000516734577467195,FALSE,"1",2,"grey60",1.5,1,0
"155","#666666","dotted",187.974683544304,0.0048540113988803,0.00309643382553491,0.00661158897222569,0.000535372686891849,FALSE,"1",2,"grey60",1.5,1,0
"156","#666666","dotted",190.379746835443,0.0049476441814707,0.00311058495856322,0.00678470340437818,0.000559583455696583,FALSE,"1",2,"grey60",1.5,1,0
"157","#666666","dotted",192.784810126582,0.0050481726310909,0.00311254252984037,0.00698380273234142,0.000589608961704466,FALSE,"1",2,"grey60",1.5,1,0
"158","#666666","dotted",195.189873417722,0.00515574045366605,0.00310206640260742,0.00720941450472468,0.000625566126576456,FALSE,"1",2,"grey60",1.5,1,0
"159","#666666","dotted",197.594936708861,0.00527049135512133,0.00307925078405242,0.00746173192619025,0.000667470028037877,FALSE,"1",2,"grey60",1.5,1,0
"160","#666666","dotted",200,0.00539256904138192,0.00304442689987037,0.00774071118289347,0.000715263546013609,FALSE,"1",2,"grey60",1.5,1,0
"161","#9E9E9E","dotted",10,0.00692923454859227,0.00479101638730002,0.00906745270988452,0.000651318962834204,FALSE,"1",3,"grey60",1.5,1,0
"162","#9E9E9E","dotted",12.4050632911392,0.0066582686580107,0.0047822128121593,0.0085343245038621,0.000571462150055122,FALSE,"1",3,"grey60",1.5,1,0
"163","#9E9E9E","dotted",14.8101265822785,0.00642078634513065,0.00474484826168333,0.00809672442857797,0.000510504622047338,FALSE,"1",3,"grey60",1.5,1,0
"164","#9E9E9E","dotted",17.2151898734177,0.0062169346082272,0.00467576551544722,0.00775810370100719,0.000469452871195772,FALSE,"1",3,"grey60",1.5,1,0
"165","#9E9E9E","dotted",19.620253164557,0.00604686044557545,0.00457708489478661,0.00751663599636429,0.000447705806951107,FALSE,"1",3,"grey60",1.5,1,0
"166","#9E9E9E","dotted",22.0253164556962,0.00591439279886415,0.00446237091073537,0.00736641468699293,0.000442297894250904,FALSE,"1",3,"grey60",1.5,1,0
"167","#9E9E9E","dotted",24.4303797468354,0.00582398734014451,0.00435170785021379,0.00729626683007524,0.000448468527553904,FALSE,"1",3,"grey60",1.5,1,0
"168","#9E9E9E","dotted",26.8354430379747,0.00577193372259543,0.00425549389618838,0.00728837354900248,0.000461920131825561,FALSE,"1",3,"grey60",1.5,1,0
"169","#9E9E9E","dotted",29.2405063291139,0.00575437552135047,0.00418124468139193,0.00732750636130902,0.000479188684126166,FALSE,"1",3,"grey60",1.5,1,0
"170","#9E9E9E","dotted",31.6455696202532,0.00576745631154321,0.00413351957577529,0.00740139304731113,0.000497710663646173,FALSE,"1",3,"grey60",1.5,1,0
"171","#9E9E9E","dotted",34.0506329113924,0.0058073196683072,0.00411447259361769,0.00750016674299672,0.000515655240837229,FALSE,"1",3,"grey60",1.5,1,0
"172","#9E9E9E","dotted",36.4556962025316,0.00587010916677602,0.00412454270258714,0.0076156756309649,0.000531714003554513,FALSE,"1",3,"grey60",1.5,1,0
"173","#9E9E9E","dotted",38.8607594936709,0.00595196838208323,0.00416298376777539,0.00774095299639106,0.000544939531714169,FALSE,"1",3,"grey60",1.5,1,0
"174","#9E9E9E","dotted",41.2658227848101,0.00605930358903431,0.00424297292923036,0.00787563424883825,0.000553269363680135,FALSE,"1",3,"grey60",1.5,1,0
"175","#9E9E9E","dotted",43.6708860759494,0.00623839456660925,0.00443030867030648,0.00804648046291202,0.000550757940426132,FALSE,"1",3,"grey60",1.5,1,0
"176","#9E9E9E","dotted",46.0759493670886,0.00648034722736015,0.00470252495012185,0.00825816950459844,0.000541539391384921,FALSE,"1",3,"grey60",1.5,1,0
"177","#9E9E9E","dotted",48.4810126582278,0.00676743604655591,0.00502305114522243,0.00851182094788939,0.000531354089721849,FALSE,"1",3,"grey60",1.5,1,0
"178","#9E9E9E","dotted",50.8860759493671,0.00708193549946542,0.00535894477828101,0.00880492622064984,0.000524837245240014,FALSE,"1",3,"grey60",1.5,1,0
"179","#9E9E9E","dotted",53.2911392405063,0.00740612006135759,0.00568520386533687,0.0091270362573783,0.000524205327691816,FALSE,"1",3,"grey60",1.5,1,0
"180","#9E9E9E","dotted",55.6962025316456,0.0077222642075013,0.00598706464506663,0.00945746376993597,0.000528556159410922,FALSE,"1",3,"grey60",1.5,1,0
"181","#9E9E9E","dotted",58.1012658227848,0.00801264241316546,0.00625879270114939,0.00976649212518152,0.000534237149452984,FALSE,"1",3,"grey60",1.5,1,0
"182","#9E9E9E","dotted",60.506329113924,0.00826121122568865,0.00650140164913266,0.0100210208022446,0.000536052573557525,FALSE,"1",3,"grey60",1.5,1,0
"183","#9E9E9E","dotted",62.9113924050633,0.00850358698733278,0.0067659550241831,0.0102412189504825,0.000529297088816337,FALSE,"1",3,"grey60",1.5,1,0
"184","#9E9E9E","dotted",65.3164556962025,0.00875587874822991,0.00705848931762753,0.0104532681788323,0.000517038880072714,FALSE,"1",3,"grey60",1.5,1,0
"185","#9E9E9E","dotted",67.7215189873418,0.00901172153244109,0.00735604227896398,0.0106674007859182,0.000504333614634112,FALSE,"1",3,"grey60",1.5,1,0
"186","#9E9E9E","dotted",70.126582278481,0.00926475036402736,0.00763846310813121,0.0108910376199235,0.000495380568716435,FALSE,"1",3,"grey60",1.5,1,0
"187","#9E9E9E","dotted",72.5316455696203,0.00950860026704975,0.0078918188590439,0.0111253816750556,0.000492485008711916,FALSE,"1",3,"grey60",1.5,1,0
"188","#9E9E9E","dotted",74.9367088607595,0.0097369062655693,0.00811058711466527,0.0113632254164733,0.000495390284200023,FALSE,"1",3,"grey60",1.5,1,0
"189","#9E9E9E","dotted",77.3417721518987,0.00994330338364705,0.00829719483936876,0.0115894119279253,0.00050141829733777,FALSE,"1",3,"grey60",1.5,1,0
"190","#9E9E9E","dotted",79.746835443038,0.010121426645344,0.0084589784631472,0.0117838748275409,0.000506395486389313,FALSE,"1",3,"grey60",1.5,1,0
"191","#9E9E9E","dotted",82.1518987341772,0.0102707154879283,0.00860359148691749,0.0119378394889392,0.000507819779529964,FALSE,"1",3,"grey60",1.5,1,0
"192","#9E9E9E","dotted",84.5569620253165,0.010398903098205,0.00872599449606065,0.0120718117003493,0.00050958181694919,FALSE,"1",3,"grey60",1.5,1,0
"193","#9E9E9E","dotted",86.9620253164557,0.0105088498363417,0.00881546322343085,0.0122022364492525,0.000515819588648444,FALSE,"1",3,"grey60",1.5,1,0
"194","#9E9E9E","dotted",89.3670886075949,0.0106033526441227,0.00886760736929721,0.0123390979189482,0.000528722387925313,FALSE,"1",3,"grey60",1.5,1,0
"195","#9E9E9E","dotted",91.7721518987342,0.0106852084633324,0.00888773486893859,0.0124826820577262,0.000547525345362746,FALSE,"1",3,"grey60",1.5,1,0
"196","#9E9E9E","dotted",94.1772151898734,0.010757214235755,0.00889033592337983,0.0126240925481302,0.000568666597340573,FALSE,"1",3,"grey60",1.5,1,0
"197","#9E9E9E","dotted",96.5822784810127,0.0108221669031749,0.00889571869340597,0.0127486151129438,0.000586812081505381,FALSE,"1",3,"grey60",1.5,1,0
"198","#9E9E9E","dotted",98.9873417721519,0.0108828634073763,0.00892591614403955,0.0128398106707131,0.00059610234584643,FALSE,"1",3,"grey60",1.5,1,0
"199","#9E9E9E","dotted",101.392405063291,0.0109401899765787,0.00899435012820046,0.0128860298249569,0.000592718935247101,FALSE,"1",3,"grey60",1.5,1,0
"200","#9E9E9E","dotted",103.79746835443,0.0109875361474177,0.00907676227733372,0.0128983100175017,0.000582037547806474,FALSE,"1",3,"grey60",1.5,1,0
"201","#9E9E9E","dotted",106.20253164557,0.0110245217124764,0.0091577654789546,0.0128912779459981,0.000568629411110641,FALSE,"1",3,"grey60",1.5,1,0
"202","#9E9E9E","dotted",108.607594936709,0.0110517111251242,0.00922436416449325,0.0128790580857551,0.000556625020160284,FALSE,"1",3,"grey60",1.5,1,0
"203","#9E9E9E","dotted",111.012658227848,0.0110696688387307,0.0092652695925458,0.0128740680849157,0.000549634956263647,FALSE,"1",3,"grey60",1.5,1,0
"204","#9E9E9E","dotted",113.417721518987,0.0110789593066656,0.00927327597385295,0.0128846426394783,0.000550026099686564,FALSE,"1",3,"grey60",1.5,1,0
"205","#9E9E9E","dotted",115.822784810127,0.0110801469822983,0.00924718115612731,0.0129131128084694,0.000558336573144973,FALSE,"1",3,"grey60",1.5,1,0
"206","#9E9E9E","dotted",118.227848101266,0.0110737963189985,0.00919221482133913,0.0129553778166579,0.000573145309364926,FALSE,"1",3,"grey60",1.5,1,0
"207","#9E9E9E","dotted",120.632911392405,0.0110604717701357,0.00911872188796952,0.0130022216523019,0.000591473097661653,FALSE,"1",3,"grey60",1.5,1,0
"208","#9E9E9E","dotted",123.037974683544,0.0110407377890795,0.00903991039167848,0.0130415651864805,0.000609468598142437,FALSE,"1",3,"grey60",1.5,1,0
"209","#9E9E9E","dotted",125.443037974684,0.0110151588291994,0.0089696886253461,0.0130606290330527,0.000623067166765086,FALSE,"1",3,"grey60",1.5,1,0
"210","#9E9E9E","dotted",127.848101265823,0.0109842993438651,0.00892102526258544,0.0130475734251447,0.000628490375299017,FALSE,"1",3,"grey60",1.5,1,0
"211","#9E9E9E","dotted",130.253164556962,0.0109486898598406,0.00890440646004419,0.0129929732596371,0.000622705656419038,FALSE,"1",3,"grey60",1.5,1,0
"212","#9E9E9E","dotted",132.658227848101,0.010905657539791,0.0089028862248209,0.012908428854761,0.000610060731535476,FALSE,"1",3,"grey60",1.5,1,0
"213","#9E9E9E","dotted",135.063291139241,0.0108550238278348,0.00889940038676494,0.0128106472689046,0.000595699098618667,FALSE,"1",3,"grey60",1.5,1,0
"214","#9E9E9E","dotted",137.46835443038,0.010799324373495,0.00889108198735056,0.0127075667596394,0.000581266436830151,FALSE,"1",3,"grey60",1.5,1,0
"215","#9E9E9E","dotted",139.873417721519,0.0107410948262945,0.00887576828063858,0.0126064213719505,0.000568193916344579,FALSE,"1",3,"grey60",1.5,1,0
"216","#9E9E9E","dotted",142.278481012658,0.0106828708357563,0.00885246683429718,0.0125132748372155,0.000557556220118083,FALSE,"1",3,"grey60",1.5,1,0
"217","#9E9E9E","dotted",144.683544303797,0.0106271880514032,0.00882177778856641,0.0124325983142401,0.000549942920310083,FALSE,"1",3,"grey60",1.5,1,0
"218","#9E9E9E","dotted",147.088607594937,0.0105765821227582,0.00878614904529659,0.0123670152002199,0.000545380745588469,FALSE,"1",3,"grey60",1.5,1,0
"219","#9E9E9E","dotted",149.493670886076,0.0105335886993442,0.00874985849752571,0.0123173189011627,0.000543338994147504,FALSE,"1",3,"grey60",1.5,1,0
"220","#9E9E9E","dotted",151.898734177215,0.010500743430684,0.00871869511408498,0.0122827917472831,0.000542826677978578,FALSE,"1",3,"grey60",1.5,1,0
"221","#9E9E9E","dotted",154.303797468354,0.0104805819663007,0.00869940060866146,0.0122617633239399,0.000542562595098371,FALSE,"1",3,"grey60",1.5,1,0
"222","#9E9E9E","dotted",156.708860759494,0.010475639955717,0.00869897174028368,0.0122523081711504,0.000541187854600016,FALSE,"1",3,"grey60",1.5,1,0
"223","#9E9E9E","dotted",159.113924050633,0.010488453048456,0.00872388597308381,0.0122530201238282,0.0005375017471034,FALSE,"1",3,"grey60",1.5,1,0
"224","#9E9E9E","dotted",161.518987341772,0.0105177776333313,0.00877357543740794,0.0122619798292547,0.000531298436140586,FALSE,"1",3,"grey60",1.5,1,0
"225","#9E9E9E","dotted",163.924050632911,0.0105512348860061,0.0088289811290349,0.0122734886429773,0.000524612759836379,FALSE,"1",3,"grey60",1.5,1,0
"226","#9E9E9E","dotted",166.329113924051,0.0105878033863899,0.00888733555513708,0.0122882712176427,0.000517976586409287,FALSE,"1",3,"grey60",1.5,1,0
"227","#9E9E9E","dotted",168.73417721519,0.0106276951467025,0.00894748599780106,0.0123079042956039,0.000511805623961981,FALSE,"1",3,"grey60",1.5,1,0
"228","#9E9E9E","dotted",171.139240506329,0.0106711221791638,0.00900804022598991,0.0123342041323376,0.000506588538278454,FALSE,"1",3,"grey60",1.5,1,0
"229","#9E9E9E","dotted",173.544303797468,0.0107182964959936,0.00906736606231195,0.0123692269296752,0.000502887084789832,FALSE,"1",3,"grey60",1.5,1,0
"230","#9E9E9E","dotted",175.949367088608,0.0107694301094117,0.00912361459760323,0.0124152456212202,0.00050132903722027,FALSE,"1",3,"grey60",1.5,1,0
"231","#9E9E9E","dotted",178.354430379747,0.010824735031638,0.00917477604890647,0.0124746940143696,0.000502591172783896,FALSE,"1",3,"grey60",1.5,1,0
"232","#9E9E9E","dotted",180.759493670886,0.0108844232748924,0.00921877313926385,0.0125500734105209,0.000507370827926445,FALSE,"1",3,"grey60",1.5,1,0
"233","#9E9E9E","dotted",183.164556962025,0.0109487068513945,0.00925358775450031,0.0126438259482887,0.000516347317619987,FALSE,"1",3,"grey60",1.5,1,0
"234","#9E9E9E","dotted",185.569620253165,0.0110177977733644,0.00927740401112027,0.0127581915356085,0.000530138355696539,FALSE,"1",3,"grey60",1.5,1,0
"235","#9E9E9E","dotted",187.974683544304,0.0110919080530217,0.00928873999465508,0.0128950761113884,0.000549259926256244,FALSE,"1",3,"grey60",1.5,1,0
"236","#9E9E9E","dotted",190.379746835443,0.0111712497025865,0.00928653828938291,0.01305596111579,0.000574098707564827,FALSE,"1",3,"grey60",1.5,1,0
"237","#9E9E9E","dotted",192.784810126582,0.0112560347342783,0.00927019557456231,0.0132418738939944,0.000604903056795717,FALSE,"1",3,"grey60",1.5,1,0
"238","#9E9E9E","dotted",195.189873417722,0.0113464751603173,0.00923953006308504,0.0134534202575495,0.000641792928486093,FALSE,"1",3,"grey60",1.5,1,0
"239","#9E9E9E","dotted",197.594936708861,0.011442782992923,0.0091947029844669,0.0136908630013791,0.000684783791468236,FALSE,"1",3,"grey60",1.5,1,0
"240","#9E9E9E","dotted",200,0.0115451702443155,0.00913611873484547,0.0139542217537855,0.000733817044007284,FALSE,"1",3,"grey60",1.5,1,0
"241","#CCCCCC","dotted",10,0.541161786347209,0.51171071208392,0.570612860610498,0.00897104116444591,FALSE,"1",4,"grey60",1.5,1,0
"242","#CCCCCC","dotted",12.4050632911392,0.541526086135177,0.515685944545108,0.567366227725245,0.00787112116275397,FALSE,"1",4,"grey60",1.5,1,0
"243","#CCCCCC","dotted",14.8101265822785,0.541703394987634,0.518619605947861,0.564787184027407,0.00703151334500968,FALSE,"1",4,"grey60",1.5,1,0
"244","#CCCCCC","dotted",17.2151898734177,0.541698568335818,0.520471040562731,0.562926096108904,0.00646608078772711,FALSE,"1",4,"grey60",1.5,1,0
"245","#CCCCCC","dotted",19.620253164557,0.541516461610965,0.521272283687376,0.561760639534554,0.00616654427846321,FALSE,"1",4,"grey60",1.5,1,0
"246","#CCCCCC","dotted",22.0253164556962,0.541123388267673,0.521123743126993,0.561123033408353,0.0060920575673192,FALSE,"1",4,"grey60",1.5,1,0
"247","#CCCCCC","dotted",24.4303797468354,0.540472623212591,0.520193956900982,0.5607512895242,0.00617704972712217,FALSE,"1",4,"grey60",1.5,1,0
"248","#CCCCCC","dotted",26.8354430379747,0.539597993294697,0.518711077847149,0.560484908742245,0.00636232745206934,FALSE,"1",4,"grey60",1.5,1,0
"249","#CCCCCC","dotted",29.2405063291139,0.538534806890118,0.516867049113012,0.560202564667224,0.00660017849338556,FALSE,"1",4,"grey60",1.5,1,0
"250","#CCCCCC","dotted",31.6455696202532,0.537318372374983,0.514813095309365,0.5598236494406,0.00685529380585544,FALSE,"1",4,"grey60",1.5,1,0
"251","#CCCCCC","dotted",34.0506329113924,0.535983998125417,0.512667310513456,0.559300685737378,0.00710245617920173,FALSE,"1",4,"grey60",1.5,1,0
"252","#CCCCCC","dotted",36.4556962025316,0.534566992517548,0.510524166346217,0.55860981868888,0.00732364399900653,FALSE,"1",4,"grey60",1.5,1,0
"253","#CCCCCC","dotted",38.8607594936709,0.533102663927504,0.508461811237328,0.557743516617681,0.00750580783011245,FALSE,"1",4,"grey60",1.5,1,0
"254","#CCCCCC","dotted",41.2658227848101,0.531549806475504,0.506532298853061,0.556567314097947,0.00762054004232138,FALSE,"1",4,"grey60",1.5,1,0
"255","#CCCCCC","dotted",43.6708860759494,0.529566316395014,0.504662369281294,0.554470263508735,0.00758594857074045,FALSE,"1",4,"grey60",1.5,1,0
"256","#CCCCCC","dotted",46.0759493670886,0.527216090333008,0.502728983796493,0.551703196869523,0.00745897547822476,FALSE,"1",4,"grey60",1.5,1,0
"257","#CCCCCC","dotted",48.4810126582278,0.524628519829199,0.500601968094232,0.548655071564165,0.00731868667088817,FALSE,"1",4,"grey60",1.5,1,0
"258","#CCCCCC","dotted",50.8860759493671,0.521932996423298,0.498201120694634,0.545664872151962,0.00722892591856118,FALSE,"1",4,"grey60",1.5,1,0
"259","#CCCCCC","dotted",53.2911392405063,0.519258911655019,0.495555609715393,0.542962213594646,0.00722022210574303,FALSE,"1",4,"grey60",1.5,1,0
"260","#CCCCCC","dotted",55.6962025316456,0.516735657064074,0.492835620996657,0.540635693131491,0.00728014895062073,FALSE,"1",4,"grey60",1.5,1,0
"261","#CCCCCC","dotted",58.1012658227848,0.514492624190175,0.490335707440382,0.538649540939969,0.00735839693422062,FALSE,"1",4,"grey60",1.5,1,0
"262","#CCCCCC","dotted",60.506329113924,0.512651131039625,0.488412125185762,0.536890136893488,0.00738340195526576,FALSE,"1",4,"grey60",1.5,1,0
"263","#CCCCCC","dotted",62.9113924050633,0.511060467975144,0.487126928865151,0.534994007085137,0.00729035425489593,FALSE,"1",4,"grey60",1.5,1,0
"264","#CCCCCC","dotted",65.3164556962025,0.509599299441581,0.486220046997022,0.53297855188614,0.00712151394543697,FALSE,"1",4,"grey60",1.5,1,0
"265","#CCCCCC","dotted",67.7215189873418,0.50824392058207,0.485439169629589,0.531048671534551,0.00694651603234239,FALSE,"1",4,"grey60",1.5,1,0
"266","#CCCCCC","dotted",70.126582278481,0.506970626539742,0.484570710752902,0.529370542326582,0.00682319988763021,FALSE,"1",4,"grey60",1.5,1,0
"267","#CCCCCC","dotted",72.5316455696203,0.505755712457733,0.483486726917965,0.5280246979975,0.00678331744987401,FALSE,"1",4,"grey60",1.5,1,0
"268","#CCCCCC","dotted",74.9367088607595,0.504575473479174,0.482175118381573,0.526975828576774,0.00682333370532657,FALSE,"1",4,"grey60",1.5,1,0
"269","#CCCCCC","dotted",77.3417721518987,0.503406204747198,0.480733277418924,0.526079132075472,0.00690636146451115,FALSE,"1",4,"grey60",1.5,1,0
"270","#CCCCCC","dotted",79.746835443038,0.502224201404939,0.479326217579397,0.52512218523048,0.0069749155377264,FALSE,"1",4,"grey60",1.5,1,0
"271","#CCCCCC","dotted",82.1518987341772,0.501058800809402,0.478096413879618,0.524021187739185,0.00699453325673065,FALSE,"1",4,"grey60",1.5,1,0
"272","#CCCCCC","dotted",84.5569620253165,0.499973319683565,0.476931257666997,0.523015381700133,0.00701880294811563,FALSE,"1",4,"grey60",1.5,1,0
"273","#CCCCCC","dotted",86.9620253164557,0.498958607062842,0.475634488038825,0.52228272608686,0.00710471984886871,FALSE,"1",4,"grey60",1.5,1,0
"274","#CCCCCC","dotted",89.3670886075949,0.498004803402802,0.474097250882463,0.521912355923142,0.00728243852444001,FALSE,"1",4,"grey60",1.5,1,0
"275","#CCCCCC","dotted",91.7721518987342,0.497102049159015,0.472344272205704,0.521859826112326,0.00754142392914943,FALSE,"1",4,"grey60",1.5,1,0
"276","#CCCCCC","dotted",94.1772151898734,0.496240484787048,0.470526751355349,0.521954218218747,0.0078326161906732,FALSE,"1",4,"grey60",1.5,1,0
"277","#CCCCCC","dotted",96.5822784810127,0.495410250742471,0.468876022235126,0.521944479249817,0.00808254578689277,FALSE,"1",4,"grey60",1.5,1,0
"278","#CCCCCC","dotted",98.9873417721519,0.494601487480853,0.467647175603229,0.521555799358478,0.00821050666103878,FALSE,"1",4,"grey60",1.5,1,0
"279","#CCCCCC","dotted",101.392405063291,0.493812918288649,0.467011596086606,0.520614240490692,0.00816390473864007,FALSE,"1",4,"grey60",1.5,1,0
"280","#CCCCCC","dotted",103.79746835443,0.493074303371864,0.466755967775001,0.519392638968727,0.00801678301811425,FALSE,"1",4,"grey60",1.5,1,0
"281","#CCCCCC","dotted",106.20253164557,0.492383893941579,0.466671841981604,0.518095945901554,0.00783210400045841,FALSE,"1",4,"grey60",1.5,1,0
"282","#CCCCCC","dotted",108.607594936709,0.491735510258979,0.466566267935355,0.516904752582602,0.00766675968912264,FALSE,"1",4,"grey60",1.5,1,0
"283","#CCCCCC","dotted",111.012658227848,0.491122972585248,0.466269804109727,0.51597614106077,0.00757048097694457,FALSE,"1",4,"grey60",1.5,1,0
"284","#CCCCCC","dotted",113.417721518987,0.490540101181574,0.465669246142858,0.51541095622029,0.00757586845059177,FALSE,"1",4,"grey60",1.5,1,0
"285","#CCCCCC","dotted",115.822784810127,0.48998071630914,0.464734081683228,0.515227350935052,0.00769033402544161,FALSE,"1",4,"grey60",1.5,1,0
"286","#CCCCCC","dotted",118.227848101266,0.489438638229132,0.463522388230345,0.51535488822792,0.00789430441445734,FALSE,"1",4,"grey60",1.5,1,0
"287","#CCCCCC","dotted",120.632911392405,0.488907687202736,0.462162698774685,0.515652675630787,0.0081467450044683,FALSE,"1",4,"grey60",1.5,1,0
"288","#CCCCCC","dotted",123.037974683544,0.488381683491137,0.460822981888272,0.515940385094002,0.00839460877751957,FALSE,"1",4,"grey60",1.5,1,0
"289","#CCCCCC","dotted",125.443037974684,0.48785444735552,0.459680851242847,0.516028043468193,0.00858191073839058,FALSE,"1",4,"grey60",1.5,1,0
"290","#CCCCCC","dotted",127.848101265823,0.48731979905707,0.458900978520741,0.5157386195934,0.0086566081290355,FALSE,"1",4,"grey60",1.5,1,0
"291","#CCCCCC","dotted",130.253164556962,0.48677176540883,0.458614515923012,0.514929014894649,0.0085769314204514,FALSE,"1",4,"grey60",1.5,1,0
"292","#CCCCCC","dotted",132.658227848101,0.486227492043547,0.458642015595287,0.513812968491806,0.00840276461720321,FALSE,"1",4,"grey60",1.5,1,0
"293","#CCCCCC","dotted",135.063291139241,0.485700713817732,0.458764635808195,0.512636791827269,0.00820495247378777,FALSE,"1",4,"grey60",1.5,1,0
"294","#CCCCCC","dotted",137.46835443038,0.485191010710482,0.458907542894115,0.511474478526849,0.00800616200336465,FALSE,"1",4,"grey60",1.5,1,0
"295","#CCCCCC","dotted",139.873417721519,0.484697962700893,0.459005602764993,0.510390322636793,0.00782610564681577,FALSE,"1",4,"grey60",1.5,1,0
"296","#CCCCCC","dotted",142.278481012658,0.48422114976806,0.459009800825904,0.509432498710216,0.00767958571389765,FALSE,"1",4,"grey60",1.5,1,0
"297","#CCCCCC","dotted",144.683544303797,0.483760151891079,0.458893058023362,0.508627245758796,0.00757472276675171,FALSE,"1",4,"grey60",1.5,1,0
"298","#CCCCCC","dotted",147.088607594937,0.483314549049047,0.4586537457305,0.507975352367593,0.00751188495676548,FALSE,"1",4,"grey60",1.5,1,0
"299","#CCCCCC","dotted",149.493670886076,0.482883921221057,0.458315440983438,0.507452401458677,0.00748376258160116,FALSE,"1",4,"grey60",1.5,1,0
"300","#CCCCCC","dotted",151.898734177215,0.482467848386208,0.457922533851414,0.507013162921003,0.00747670611663867,FALSE,"1",4,"grey60",1.5,1,0
"301","#CCCCCC","dotted",154.303797468354,0.482065910523594,0.457532537180382,0.506599283866806,0.00747306873077345,FALSE,"1",4,"grey60",1.5,1,0
"302","#CCCCCC","dotted",156.708860759494,0.481677687612311,0.457206476722245,0.506148898502378,0.00745413353265253,FALSE,"1",4,"grey60",1.5,1,0
"303","#CCCCCC","dotted",159.113924050633,0.481302759631455,0.456998225641371,0.505607293621539,0.00740336236832957,FALSE,"1",4,"grey60",1.5,1,0
"304","#CCCCCC","dotted",161.518987341772,0.480941066672614,0.456917031458505,0.504965101886723,0.0073179201177906,FALSE,"1",4,"grey60",1.5,1,0
"305","#CCCCCC","dotted",163.924050632911,0.480593726244221,0.456872001204651,0.50431545128379,0.00722583393458444,FALSE,"1",4,"grey60",1.5,1,0
"306","#CCCCCC","dotted",166.329113924051,0.480260913644345,0.456839260378481,0.503682566910209,0.00713442958681328,FALSE,"1",4,"grey60",1.5,1,0
"307","#CCCCCC","dotted",168.73417721519,0.479942692575743,0.456800075363921,0.503085309787566,0.00704943289349096,FALSE,"1",4,"grey60",1.5,1,0
"308","#CCCCCC","dotted",171.139240506329,0.479639126741171,0.456732413574326,0.502545839908016,0.00697757456739265,FALSE,"1",4,"grey60",1.5,1,0
"309","#CCCCCC","dotted",173.544303797468,0.479350279843384,0.456610937485307,0.50208962220146,0.00692659203270607,FALSE,"1",4,"grey60",1.5,1,0
"310","#CCCCCC","dotted",175.949367088608,0.479076215585137,0.45640732438432,0.501745106785953,0.00690513202665639,FALSE,"1",4,"grey60",1.5,1,0
"311","#CCCCCC","dotted",178.354430379747,0.478816997669186,0.456091035739071,0.501542959599301,0.00692251624351863,FALSE,"1",4,"grey60",1.5,1,0
"312","#CCCCCC","dotted",180.759493670886,0.478572689798287,0.455630603378347,0.501514776218228,0.00698834955328298,FALSE,"1",4,"grey60",1.5,1,0
"313","#CCCCCC","dotted",183.164556962025,0.478343355675196,0.454995374018554,0.501691337331838,0.00711198860442094,FALSE,"1",4,"grey60",1.5,1,0
"314","#CCCCCC","dotted",185.569620253165,0.478129059002668,0.454157479831233,0.502100638174102,0.00730194157269754,FALSE,"1",4,"grey60",1.5,1,0
"315","#CCCCCC","dotted",187.974683544304,0.477929863483458,0.453093652961304,0.502766074005612,0.0075653154438858,FALSE,"1",4,"grey60",1.5,1,0
"316","#CCCCCC","dotted",190.379746835443,0.477745832820323,0.451786472451978,0.503705193188669,0.00790743619010871,FALSE,"1",4,"grey60",1.5,1,0
"317","#CCCCCC","dotted",192.784810126582,0.477577030716018,0.450224771893,0.504929289539037,0.0083317245968085,FALSE,"1",4,"grey60",1.5,1,0
"318","#CCCCCC","dotted",195.189873417722,0.477423520873299,0.448403190931962,0.506443850814636,0.00883983287611517,FALSE,"1",4,"grey60",1.5,1,0
"319","#CCCCCC","dotted",197.594936708861,0.477285366994921,0.446321093808296,0.508249640181546,0.00943197409035161,FALSE,"1",4,"grey60",1.5,1,0
"320","#CCCCCC","dotted",200,0.47716263278364,0.443981194054015,0.510344071513264,0.0101073410795766,FALSE,"1",4,"grey60",1.5,1,0
"321","#1f77b4","dashed",10,0.0025428405348155,NA,0.00630314347518904,0.00114541942230363,FALSE,"1",5,"grey60",1.5,1,0
"322","#1f77b4","dashed",12.4050632911392,0.0032058058972114,NA,0.00650506620711192,0.00100498201823605,FALSE,"1",5,"grey60",1.5,1,0
"323","#1f77b4","dashed",14.8101265822785,0.00387229863831969,0.000924968465395589,0.0068196288112438,0.000897781183468542,FALSE,"1",5,"grey60",1.5,1,0
"324","#1f77b4","dashed",17.2151898734177,0.00454208339967666,0.0018317600210318,0.00725240677832151,0.000825586950798976,FALSE,"1",5,"grey60",1.5,1,0
"325","#1f77b4","dashed",19.620253164557,0.00521492482281855,0.00263015521166707,0.00779969443397004,0.000787342233256083,FALSE,"1",5,"grey60",1.5,1,0
"326","#1f77b4","dashed",22.0253164556962,0.00589259949839357,0.00333905174809405,0.00844614724869309,0.000777831795829265,FALSE,"1",5,"grey60",1.5,1,0
"327","#1f77b4","dashed",24.4303797468354,0.00657754630911293,0.00398837323254889,0.00916671938567697,0.000788683565294741,FALSE,"1",5,"grey60",1.5,1,0
"328","#1f77b4","dashed",26.8354430379747,0.00726798525205096,0.00460115113691476,0.00993481936718717,0.000812339760911788,FALSE,"1",5,"grey60",1.5,1,0
"329","#1f77b4","dashed",29.2405063291139,0.00796205885159706,0.00519552705882931,0.0107285906443648,0.000842708499316252,FALSE,"1",5,"grey60",1.5,1,0
"330","#1f77b4","dashed",31.6455696202532,0.00865790963214062,0.00578444366729296,0.0115313755969883,0.000875281533869718,FALSE,"1",5,"grey60",1.5,1,0
"331","#1f77b4","dashed",34.0506329113924,0.00935368011807105,0.00637661353628193,0.0123307466998602,0.000906839139916105,FALSE,"1",5,"grey60",1.5,1,0
"332","#1f77b4","dashed",36.4556962025316,0.0100475128337777,0.00697773313274856,0.0131172925348069,0.000935080323981284,FALSE,"1",5,"grey60",1.5,1,0
"333","#1f77b4","dashed",38.8607594936709,0.0107375503036501,0.00759141478425147,0.0138836858230487,0.000958338938713417,FALSE,"1",5,"grey60",1.5,1,0
"334","#1f77b4","dashed",41.2658227848101,0.0114281246144748,0.00823389792404968,0.0146223513048999,0.000972987907748227,FALSE,"1",5,"grey60",1.5,1,0
"335","#1f77b4","dashed",43.6708860759494,0.0121471699340375,0.00896744260995271,0.0153268972581222,0.000968571280662411,FALSE,"1",5,"grey60",1.5,1,0
"336","#1f77b4","dashed",46.0759493670886,0.0128886844738561,0.00976217920999634,0.0160151897377158,0.000952359400278468,FALSE,"1",5,"grey60",1.5,1,0
"337","#1f77b4","dashed",48.4810126582278,0.0136412971269901,0.0105735953403477,0.0167089989136325,0.000934447374047667,FALSE,"1",5,"grey60",1.5,1,0
"338","#1f77b4","dashed",50.8860759493671,0.0143936367864988,0.0113635591300681,0.0174237144429296,0.000922986752343757,FALSE,"1",5,"grey60",1.5,1,0
"339","#1f77b4","dashed",53.2911392405063,0.0151343323454418,0.0121079029804782,0.0181607617104053,0.000921875452543962,FALSE,"1",5,"grey60",1.5,1,0
"340","#1f77b4","dashed",55.6962025316456,0.0158520126968782,0.0128004643867588,0.0189035610069976,0.00092952689129918,FALSE,"1",5,"grey60",1.5,1,0
"341","#1f77b4","dashed",58.1012658227848,0.0165353067338677,0.0134509599873778,0.0196196534803575,0.000939517566687742,FALSE,"1",5,"grey60",1.5,1,0
"342","#1f77b4","dashed",60.506329113924,0.0171734975720031,0.0140786697171963,0.0202683254268099,0.000942710199096311,FALSE,"1",5,"grey60",1.5,1,0
"343","#1f77b4","dashed",62.9113924050633,0.0177780604196567,0.014722234452689,0.0208338863866244,0.000930829901007089,FALSE,"1",5,"grey60",1.5,1,0
"344","#1f77b4","dashed",65.3164556962025,0.0183584876043587,0.0153734327664578,0.0213435424422597,0.000909272428894655,FALSE,"1",5,"grey60",1.5,1,0
"345","#1f77b4","dashed",67.7215189873418,0.0189164234697505,0.0160047207829663,0.0218281261565347,0.000886928756087139,FALSE,"1",5,"grey60",1.5,1,0
"346","#1f77b4","dashed",70.126582278481,0.0194535123594733,0.0165934988861322,0.0223135258328143,0.000871183793529534,FALSE,"1",5,"grey60",1.5,1,0
"347","#1f77b4","dashed",72.5316455696203,0.0199713986171682,0.0171281022723316,0.0228146949620049,0.000866091617718791,FALSE,"1",5,"grey60",1.5,1,0
"348","#1f77b4","dashed",74.9367088607595,0.0204717265864766,0.0176116570220902,0.023331796150863,0.000871200879326561,FALSE,"1",5,"grey60",1.5,1,0
"349","#1f77b4","dashed",77.3417721518987,0.0209561406110397,0.0180612691188423,0.0238510121032371,0.000881801834802863,FALSE,"1",5,"grey60",1.5,1,0
"350","#1f77b4","dashed",79.746835443038,0.0214262850344986,0.0185026784068403,0.024349891662157,0.000890554795077974,FALSE,"1",5,"grey60",1.5,1,0
"351","#1f77b4","dashed",82.1518987341772,0.0218760562285348,0.0189442266348792,0.0248078858221904,0.000893059578631728,FALSE,"1",5,"grey60",1.5,1,0
"352","#1f77b4","dashed",84.5569620253165,0.0222974131390955,0.0193554106580121,0.025239415620179,0.000896158324404498,FALSE,"1",5,"grey60",1.5,1,0
"353","#1f77b4","dashed",86.9620253164557,0.0226949222022705,0.0197169067803692,0.0256729376241718,0.000907128164473534,FALSE,"1",5,"grey60",1.5,1,0
"354","#1f77b4","dashed",89.3670886075949,0.0230732626971979,0.0200207546889781,0.0261257707054178,0.000929819223289785,FALSE,"1",5,"grey60",1.5,1,0
"355","#1f77b4","dashed",91.7721518987342,0.023437113903016,0.0202760495342811,0.0265981782717509,0.000962886389877205,FALSE,"1",5,"grey60",1.5,1,0
"356","#1f77b4","dashed",94.1772151898734,0.023791155098863,0.0205080345387508,0.0270742756589753,0.00100006571676467,FALSE,"1",5,"grey60",1.5,1,0
"357","#1f77b4","dashed",96.5822784810127,0.0241400655638772,0.0207521844772749,0.0275279466504795,0.0010319766408671,FALSE,"1",5,"grey60",1.5,1,0
"358","#1f77b4","dashed",98.9873417721519,0.0244885245771967,0.0210470073916753,0.0279300417627181,0.00104831464086677,FALSE,"1",5,"grey60",1.5,1,0
"359","#1f77b4","dashed",101.392405063291,0.0248396730412688,0.0214176895244277,0.02826165655811,0.001042364523589,FALSE,"1",5,"grey60",1.5,1,0
"360","#1f77b4","dashed",103.79746835443,0.0251882206377139,0.0218279046829924,0.0285485365924355,0.00102358007337369,FALSE,"1",5,"grey60",1.5,1,0
"361","#1f77b4","dashed",106.20253164557,0.0255306940445838,0.0222477881741977,0.0288135999149699,0.00100000032049581,FALSE,"1",5,"grey60",1.5,1,0
"362","#1f77b4","dashed",108.607594936709,0.0258642101774356,0.0226506100530262,0.029077810301845,0.000978889216210392,FALSE,"1",5,"grey60",1.5,1,0
"363","#1f77b4","dashed",111.012658227848,0.0261858859518266,0.0230126420266434,0.0293591298770098,0.000966596383654879,FALSE,"1",5,"grey60",1.5,1,0
"364","#1f77b4","dashed",113.417721518987,0.026492838283314,0.0233173361438806,0.0296683404227474,0.000967284254420327,FALSE,"1",5,"grey60",1.5,1,0
"365","#1f77b4","dashed",115.822784810127,0.026782184087455,0.0235587025407499,0.03000566563416,0.00098189917928967,FALSE,"1",5,"grey60",1.5,1,0
"366","#1f77b4","dashed",118.227848101266,0.0270510402798067,0.0237420624746958,0.0303600180849176,0.00100794204776734,FALSE,"1",5,"grey60",1.5,1,0
"367","#1f77b4","dashed",120.632911392405,0.0272965237759265,0.0238817329357969,0.0307113146160561,0.00104017357468557,FALSE,"1",5,"grey60",1.5,1,0
"368","#1f77b4","dashed",123.037974683544,0.0275157514913714,0.0239970660354963,0.0310344369472465,0.00107182073520285,FALSE,"1",5,"grey60",1.5,1,0
"369","#1f77b4","dashed",125.443037974684,0.0277058403416987,0.0241086453682225,0.031303035315175,0.0010957353845601,FALSE,"1",5,"grey60",1.5,1,0
"370","#1f77b4","dashed",127.848101265823,0.0278639072424656,0.0242354020996867,0.0314924123852446,0.00110527272147248,FALSE,"1",5,"grey60",1.5,1,0
"371","#1f77b4","dashed",130.253164556962,0.0279871237208817,0.0243920158790488,0.0315822315627146,0.0010950996269738,FALSE,"1",5,"grey60",1.5,1,0
"372","#1f77b4","dashed",132.658227848101,0.0280803882682232,0.024558284209381,0.0316024923270655,0.00107286206998302,FALSE,"1",5,"grey60",1.5,1,0
"373","#1f77b4","dashed",135.063291139241,0.0281529545156599,0.0247137654240875,0.0315921436072323,0.00104760548416625,FALSE,"1",5,"grey60",1.5,1,0
"374","#1f77b4","dashed",137.46835443038,0.0282113915670301,0.0248555275184207,0.0315672556156395,0.00102222398589669,FALSE,"1",5,"grey60",1.5,1,0
"375","#1f77b4","dashed",139.873417721519,0.028262268526172,0.0249818769265853,0.0315426601257588,0.000999234452784564,FALSE,"1",5,"grey60",1.5,1,0
"376","#1f77b4","dashed",142.278481012658,0.028312154496924,0.0250931782140742,0.0315311307797737,0.000980526838602146,FALSE,"1",5,"grey60",1.5,1,0
"377","#1f77b4","dashed",144.683544303797,0.0283676185831242,0.0251925966686985,0.0315426404975499,0.00096713797390526,FALSE,"1",5,"grey60",1.5,1,0
"378","#1f77b4","dashed",147.088607594937,0.0284352298886112,0.0252865470799065,0.0315839126973159,0.000959114864135293,FALSE,"1",5,"grey60",1.5,1,0
"379","#1f77b4","dashed",149.493670886076,0.028521557517223,0.0253846624874485,0.0316584525469974,0.000955524209034725,FALSE,"1",5,"grey60",1.5,1,0
"380","#1f77b4","dashed",151.898734177215,0.028633170572798,0.0254992333319202,0.0317671078136759,0.000954623242037395,FALSE,"1",5,"grey60",1.5,1,0
"381","#1f77b4","dashed",154.303797468354,0.0287766381591745,0.0256442255654936,0.0319090507528555,0.00095415882187255,FALSE,"1",5,"grey60",1.5,1,0
"382","#1f77b4","dashed",156.708860759494,0.0289585293801909,0.0258340536669528,0.0320830050934289,0.000951741182348296,FALSE,"1",5,"grey60",1.5,1,0
"383","#1f77b4","dashed",159.113924050633,0.0291854133396853,0.0260822188751886,0.0322886078041819,0.000945258737708653,FALSE,"1",5,"grey60",1.5,1,0
"384","#1f77b4","dashed",161.518987341772,0.0294538908654674,0.0263865103873347,0.0325212713436002,0.000934349500814218,FALSE,"1",5,"grey60",1.5,1,0
"385","#1f77b4","dashed",163.924050632911,0.0297312698803811,0.026702488260411,0.0327600515003512,0.000922591968902741,FALSE,"1",5,"grey60",1.5,1,0
"386","#1f77b4","dashed",166.329113924051,0.0300149082636486,0.0270244397035994,0.0330053768236977,0.00091092149350296,FALSE,"1",5,"grey60",1.5,1,0
"387","#1f77b4","dashed",168.73417721519,0.0303054211853622,0.0273505798518482,0.0332602625188761,0.000900069145199308,FALSE,"1",5,"grey60",1.5,1,0
"388","#1f77b4","dashed",171.139240506329,0.0306034238156143,0.027678702628688,0.0335281450025405,0.000890894299062892,FALSE,"1",5,"grey60",1.5,1,0
"389","#1f77b4","dashed",173.544303797468,0.0309095313244971,0.0280061799843451,0.033812882664649,0.000884384866728583,FALSE,"1",5,"grey60",1.5,1,0
"390","#1f77b4","dashed",175.949367088608,0.0312243588821029,0.0283300027212584,0.0341187150429474,0.000881644860604267,FALSE,"1",5,"grey60",1.5,1,0
"391","#1f77b4","dashed",178.354430379747,0.0315485216585241,0.0286468787267703,0.0344501645902779,0.00088386447137971,FALSE,"1",5,"grey60",1.5,1,0
"392","#1f77b4","dashed",180.759493670886,0.031882634823853,0.0289533971922485,0.0348118724554575,0.000892270045521704,FALSE,"1",5,"grey60",1.5,1,0
"393","#1f77b4","dashed",183.164556962025,0.0322273135481818,0.0292462513536289,0.0352083757427347,0.000908056236659682,FALSE,"1",5,"grey60",1.5,1,0
"394","#1f77b4","dashed",185.569620253165,0.0325831730016029,0.0295224900927929,0.0356438559104129,0.000932309365722397,FALSE,"1",5,"grey60",1.5,1,0
"395","#1f77b4","dashed",187.974683544304,0.0329508283542086,0.0297797496146257,0.0361219070937914,0.000965936850186734,FALSE,"1",5,"grey60",1.5,1,0
"396","#1f77b4","dashed",190.379746835443,0.0333308947760911,0.0300164126539574,0.0366453768982249,0.00100961870832487,FALSE,"1",5,"grey60",1.5,1,0
"397","#1f77b4","dashed",192.784810126582,0.0337239874373428,0.0302316605239487,0.037216314350737,0.00106379170483483,FALSE,"1",5,"grey60",1.5,1,0
"398","#1f77b4","dashed",195.189873417722,0.0341307215080561,0.0304254158532113,0.0378360271629008,0.00112866679358793,FALSE,"1",5,"grey60",1.5,1,0
"399","#1f77b4","dashed",197.594936708861,0.034551712158323,0.0305982045046028,0.0385052198120433,0.00120427117830761,FALSE,"1",5,"grey60",1.5,1,0
"400","#1f77b4","dashed",200,0.0349875745582362,0.0307509799774958,0.0392241691389765,0.00129050180109272,FALSE,"1",5,"grey60",1.5,1,0
"401","#1777b4","solid",10,0.0473814359785395,0.028832265649911,0.0659306063071681,0.00565023092525593,FALSE,"1",6,"grey60",1.5,1,0
"402","#1777b4","solid",12.4050632911392,0.0503059188347985,0.0340310222593781,0.0665808154102189,0.0049574683021729,FALSE,"1",6,"grey60",1.5,1,0
"403","#1777b4","solid",14.8101265822785,0.0532439447161184,0.0387050816885442,0.0677828077436926,0.00442865810389772,FALSE,"1",6,"grey60",1.5,1,0
"404","#1777b4","solid",17.2151898734177,0.0561957736863048,0.0428260397065331,0.0695655076660764,0.00407253171201734,FALSE,"1",6,"grey60",1.5,1,0
"405","#1777b4","solid",19.620253164557,0.0591616658091631,0.046411275072626,0.0719120565457002,0.00388387463009538,FALSE,"1",6,"grey60",1.5,1,0
"406","#1777b4","solid",22.0253164556962,0.0621248959841807,0.0495285193321743,0.074721272636187,0.00383696066424553,FALSE,"1",6,"grey60",1.5,1,0
"407","#1777b4","solid",24.4303797468354,0.0650648974580774,0.0522927848998497,0.0778370100163051,0.00389049127690465,FALSE,"1",6,"grey60",1.5,1,0
"408","#1777b4","solid",26.8354430379747,0.0679980509755412,0.0548428448593699,0.0811532570917125,0.00400718474782601,FALSE,"1",6,"grey60",1.5,1,0
"409","#1777b4","solid",29.2405063291139,0.0709414041703888,0.0572944001238165,0.084588408216961,0.00415699047099841,FALSE,"1",6,"grey60",1.5,1,0
"410","#1777b4","solid",31.6455696202532,0.0739120046764372,0.0597375058499725,0.0880865035029018,0.00431766975020365,FALSE,"1",6,"grey60",1.5,1,0
"411","#1777b4","solid",34.0506329113924,0.0769269001275033,0.0622413505904256,0.0916124496645809,0.00447334002969981,FALSE,"1",6,"grey60",1.5,1,0
"412","#1777b4","solid",36.4556962025316,0.0800031381574039,0.0648602447659208,0.0951460315488869,0.00461265075594016,FALSE,"1",6,"grey60",1.5,1,0
"413","#1777b4","solid",38.8607594936709,0.0831577663999559,0.0676382179615324,0.0986773148383794,0.00472738300307965,FALSE,"1",6,"grey60",1.5,1,0
"414","#1777b4","solid",41.2658227848101,0.086407573083028,0.0706507960657324,0.102164350100323,0.00479964479317321,FALSE,"1",6,"grey60",1.5,1,0
"415","#1777b4","solid",43.6708860759494,0.0897551968554893,0.0740699436542716,0.105440450056707,0.00477785804636268,FALSE,"1",6,"grey60",1.5,1,0
"416","#1777b4","solid",46.0759493670886,0.0931852318632192,0.0777625173659327,0.108607946360506,0.00469788658253183,FALSE,"1",6,"grey60",1.5,1,0
"417","#1777b4","solid",48.4810126582278,0.0966812297508201,0.0815485864877176,0.111813873013923,0.00460952848193343,FALSE,"1",6,"grey60",1.5,1,0
"418","#1777b4","solid",50.8860759493671,0.100226742162894,0.0852796946910959,0.115173789634692,0.00455299446660841,FALSE,"1",6,"grey60",1.5,1,0
"419","#1777b4","solid",53.2911392405063,0.103805320744043,0.0888762699020136,0.118734371586073,0.00454751254411454,FALSE,"1",6,"grey60",1.5,1,0
"420","#1777b4","solid",55.6962025316456,0.107400517138871,0.092347557239629,0.122453477038112,0.00458525626928247,FALSE,"1",6,"grey60",1.5,1,0
"421","#1777b4","solid",58.1012658227848,0.110995882991978,0.0957811319305887,0.126210634053366,0.004634539197392,FALSE,"1",6,"grey60",1.5,1,0
"422","#1777b4","solid",60.506329113924,0.114581850210538,0.0993153969681053,0.129848303452971,0.00465028810998822,FALSE,"1",6,"grey60",1.5,1,0
"423","#1777b4","solid",62.9113924050633,0.118331266226458,0.103257205105655,0.133405327347262,0.00459168387615222,FALSE,"1",6,"grey60",1.5,1,0
"424","#1777b4","solid",65.3164556962025,0.122260071105989,0.107535116359917,0.136985025852061,0.00448534318275359,FALSE,"1",6,"grey60",1.5,1,0
"425","#1777b4","solid",67.7215189873418,0.126279990024658,0.111916873557738,0.140643106491578,0.00437512424581002,FALSE,"1",6,"grey60",1.5,1,0
"426","#1777b4","solid",70.126582278481,0.130302748157993,0.116194609026547,0.144410887289439,0.00429745603744224,FALSE,"1",6,"grey60",1.5,1,0
"427","#1777b4","solid",72.5316455696203,0.134240070681523,0.120214395348593,0.148265746014453,0.00427233688136505,FALSE,"1",6,"grey60",1.5,1,0
"428","#1777b4","solid",74.9367088607595,0.138003682770775,0.12389526694823,0.15211209859332,0.00429754031984297,FALSE,"1",6,"grey60",1.5,1,0
"429","#1777b4","solid",77.3417721518987,0.141505309601278,0.127225219608601,0.155785399593954,0.00434983369404558,FALSE,"1",6,"grey60",1.5,1,0
"430","#1777b4","solid",79.746835443038,0.144656676348559,0.130234839020486,0.159078513676632,0.00439301110650337,FALSE,"1",6,"grey60",1.5,1,0
"431","#1777b4","solid",82.1518987341772,0.147574853279113,0.133112452943403,0.162037253614823,0.00440536693461394,FALSE,"1",6,"grey60",1.5,1,0
"432","#1777b4","solid",84.5569620253165,0.150502908659308,0.135990326563078,0.165015490755538,0.00442065271452467,FALSE,"1",6,"grey60",1.5,1,0
"433","#1777b4","solid",86.9620253164557,0.153399655523784,0.138709425460394,0.168089885587174,0.00447476575678348,FALSE,"1",6,"grey60",1.5,1,0
"434","#1777b4","solid",89.3670886075949,0.1562211466213,0.141163452634456,0.171278840608143,0.00458669831157859,FALSE,"1",6,"grey60",1.5,1,0
"435","#1777b4","solid",91.7721518987342,0.158923434700616,0.143330243852647,0.174516625548585,0.00474981509100867,FALSE,"1",6,"grey60",1.5,1,0
"436","#1777b4","solid",94.1772151898734,0.161462572510492,0.145267291586425,0.177657853434559,0.0049332167153126,FALSE,"1",6,"grey60",1.5,1,0
"437","#1777b4","solid",96.5822784810127,0.163794612799687,0.147082559455846,0.180506666143528,0.00509062987481221,FALSE,"1",6,"grey60",1.5,1,0
"438","#1777b4","solid",98.9873417721519,0.165875608316962,0.148898973860803,0.18285224277312,0.00517122347315485,FALSE,"1",6,"grey60",1.5,1,0
"439","#1777b4","solid",101.392405063291,0.167667403111512,0.150787126143896,0.184547680079128,0.00514187218401384,FALSE,"1",6,"grey60",1.5,1,0
"440","#1777b4","solid",103.79746835443,0.169184332271492,0.152608254761113,0.185760409781872,0.00504921050964917,FALSE,"1",6,"grey60",1.5,1,0
"441","#1777b4","solid",106.20253164557,0.170461605169282,0.154267383286564,0.186655827052001,0.0049328941225457,FALSE,"1",6,"grey60",1.5,1,0
"442","#1777b4","solid",108.607594936709,0.171533684842254,0.155681340756953,0.187386028927555,0.00482875531367176,FALSE,"1",6,"grey60",1.5,1,0
"443","#1777b4","solid",111.012658227848,0.17243503432778,0.156781763036647,0.188088305618912,0.00476811609164384,FALSE,"1",6,"grey60",1.5,1,0
"444","#1777b4","solid",113.417721518987,0.173200116663231,0.157535705843867,0.188864527482596,0.00477150928421229,FALSE,"1",6,"grey60",1.5,1,0
"445","#1777b4","solid",115.822784810127,0.173863394885981,0.157962306806337,0.189764482965624,0.00484360313809594,FALSE,"1",6,"grey60",1.5,1,0
"446","#1777b4","solid",118.227848101266,0.1744593320334,0.158136500098334,0.190782163968467,0.00497206980977065,FALSE,"1",6,"grey60",1.5,1,0
"447","#1777b4","solid",120.632911392405,0.175022391142862,0.158177594876551,0.191867187409174,0.00513106446850911,FALSE,"1",6,"grey60",1.5,1,0
"448","#1777b4","solid",123.037974683544,0.175587035251738,0.158229738010306,0.19294433249317,0.00528717651058682,FALSE,"1",6,"grey60",1.5,1,0
"449","#1777b4","solid",125.443037974684,0.176187727397401,0.158443151142151,0.19393230365265,0.00540514490603559,FALSE,"1",6,"grey60",1.5,1,0
"450","#1777b4","solid",127.848101265823,0.176858930617222,0.158959904661344,0.1947579565731,0.00545219156415712,FALSE,"1",6,"grey60",1.5,1,0
"451","#1777b4","solid",130.253164556962,0.177634006635664,0.159899725976531,0.195368287294797,0.00540200878217985,FALSE,"1",6,"grey60",1.5,1,0
"452","#1777b4","solid",132.658227848101,0.178425352578502,0.161051191735991,0.195799513421014,0.00529231330315719,FALSE,"1",6,"grey60",1.5,1,0
"453","#1777b4","solid",135.063291139241,0.179171049059453,0.162205898840572,0.196136199278334,0.00516772527935604,FALSE,"1",6,"grey60",1.5,1,0
"454","#1777b4","solid",137.46835443038,0.179886157934288,0.163332041198365,0.19644027467021,0.00504252107584816,FALSE,"1",6,"grey60",1.5,1,0
"455","#1777b4","solid",139.873417721519,0.180585741058781,0.164403921803736,0.196767560313825,0.00492911617942506,FALSE,"1",6,"grey60",1.5,1,0
"456","#1777b4","solid",142.278481012658,0.181284860288704,0.16540599619153,0.197163724385878,0.00483683352895395,FALSE,"1",6,"grey60",1.5,1,0
"457","#1777b4","solid",144.683544303797,0.181998577479831,0.166336535558826,0.197660619400837,0.00477078769815054,FALSE,"1",6,"grey60",1.5,1,0
"458","#1777b4","solid",147.088607594937,0.182741954487934,0.167209840545092,0.198274068430777,0.00473121055980604,FALSE,"1",6,"grey60",1.5,1,0
"459","#1777b4","solid",149.493670886076,0.183530053168787,0.168056087072711,0.199004019264863,0.00471349824404108,FALSE,"1",6,"grey60",1.5,1,0
"460","#1777b4","solid",151.898734177215,0.184377935378161,0.168918559736873,0.199837311019449,0.00470905387065975,FALSE,"1",6,"grey60",1.5,1,0
"461","#1777b4","solid",154.303797468354,0.18530066297183,0.169848808251328,0.200752517692333,0.00470676293589242,FALSE,"1",6,"grey60",1.5,1,0
"462","#1777b4","solid",156.708860759494,0.186313297805567,0.170900594863405,0.20172600074773,0.00469483697991502,FALSE,"1",6,"grey60",1.5,1,0
"463","#1777b4","solid",159.113924050633,0.187430901735145,0.172123176906175,0.202738626564115,0.00466285977710095,FALSE,"1",6,"grey60",1.5,1,0
"464","#1777b4","solid",161.518987341772,0.188645780452073,0.173514722169322,0.203776838734825,0.00460904568379013,FALSE,"1",6,"grey60",1.5,1,0
"465","#1777b4","solid",163.924050632911,0.18988332534753,0.174942671084323,0.204823979610738,0.00455104704231668,FALSE,"1",6,"grey60",1.5,1,0
"466","#1777b4","solid",166.329113924051,0.191137476198544,0.176385816142865,0.205889136254223,0.00449347784126048,FALSE,"1",6,"grey60",1.5,1,0
"467","#1777b4","solid",168.73417721519,0.192409606537162,0.177833691761535,0.206985521312788,0.00443994437325482,FALSE,"1",6,"grey60",1.5,1,0
"468","#1777b4","solid",171.139240506329,0.19370108989543,0.179273754566257,0.208128425224602,0.00439468584317841,FALSE,"1",6,"grey60",1.5,1,0
"469","#1777b4","solid",173.544303797468,0.195013299805396,0.180691379633991,0.209335219976802,0.00436257551296661,FALSE,"1",6,"grey60",1.5,1,0
"470","#1777b4","solid",175.949367088608,0.196347609799108,0.182070061880619,0.210625157717597,0.0043490593571921,FALSE,"1",6,"grey60",1.5,1,0
"471","#1777b4","solid",178.354430379747,0.197705393408612,0.183391900632252,0.212018886184972,0.00436000845863149,FALSE,"1",6,"grey60",1.5,1,0
"472","#1777b4","solid",180.759493670886,0.199088024165956,0.184638409700516,0.213537638631397,0.00440147225262418,FALSE,"1",6,"grey60",1.5,1,0
"473","#1777b4","solid",183.164556962025,0.200496875603187,0.185791616137709,0.215202135068666,0.00447934383714857,FALSE,"1",6,"grey60",1.5,1,0
"474","#1777b4","solid",185.569620253165,0.201933321252353,0.18683530135936,0.217031341145345,0.00459898191661188,FALSE,"1",6,"grey60",1.5,1,0
"475","#1777b4","solid",187.974683544304,0.2033987346455,0.187756143982267,0.219041325308733,0.00476486268391791,FALSE,"1",6,"grey60",1.5,1,0
"476","#1777b4","solid",190.379746835443,0.204894489314675,0.18854450517522,0.22124447345413,0.00498034059612965,FALSE,"1",6,"grey60",1.5,1,0
"477","#1777b4","solid",192.784810126582,0.206421958791926,0.189194685408105,0.223649232175748,0.00524757016656834,FALSE,"1",6,"grey60",1.5,1,0
"478","#1777b4","solid",195.189873417722,0.207982516609301,0.189704641980264,0.226260391238338,0.00556759200801248,FALSE,"1",6,"grey60",1.5,1,0
"479","#1777b4","solid",197.594936708861,0.209577536298846,0.190075307880752,0.229079764716939,0.00594054031350651,FALSE,"1",6,"grey60",1.5,1,0
"480","#1777b4","solid",200,0.211208391392608,0.1903097255836,0.232107057201616,0.00636590670949847,FALSE,"1",6,"grey60",1.5,1,0
